left,c0,c1,c2,c3,c4,c5,c6,c7,c8,c9,c10,c11,c12,c13,c14,c15,c16,c17,c18,c19
abm,0.04402690858070822,0.04274533151254325,0.06169291694720723,0.04660018282086421,0.04437996467751779,0.05547577308119269,0.054298376397188125,0.03623993802076455,0.04555727019821603,0.052228672693536905,0.0456184607123034,0.06192543006006055,0.04810555790719033,0.050480506946253376,0.04993483483978945,0.05486057382551338,0.052480079986330835,0.04807111683332431,0.05862060401309775,0.046657499946397576
aci,0.047613899631684026,0.05625741745010565,0.04160841741125036,0.05308867659391147,0.04893631064294845,0.04617675382868667,0.047371305408920435,0.050087664493792323,0.047148788367130885,0.07721131811470475,0.046335538170089965,0.047101621691932175,0.06095850618987127,0.05393722640588925,0.04650272890969101,0.0421729615988212,0.04705306118418829,0.04016388956463444,0.04951247411805018,0.05076144022369704
acn,0.05253016993935496,0.07820074428584424,0.045883876633376064,0.04881920620538827,0.051455512039948394,0.041772672792493866,0.04111412132861401,0.043714709990423276,0.05144959665186316,0.03895785881976549,0.03782633354860778,0.04285212933582037,0.06190544400547138,0.055646607421881655,0.05055228369129234,0.05596907420535524,0.03520759593766977,0.04839133269727664,0.05553899787820142,0.06221173259135171
aco,0.04546163400081707,0.045867369016109695,0.047268343844000256,0.043420970010957766,0.04568787744755396,0.06691336789139568,0.05143686901611486,0.056870154612082696,0.04423468869016632,0.05240688010411774,0.04966086687762599,0.042621024346838544,0.04565538351068915,0.04389133752854101,0.04883718222438583,0.05733232079336748,0.05581602409826728,0.041718175474382085,0.06083137408568648,0.054068156426900195
acu,0.06069440493340697,0.04762591463988994,0.059668705432420144,0.04240879560501327,0.050945668615413935,0.04776108067422969,0.045475602268917635,0.049599776772949744,0.05227817695956263,0.05044439789339705,0.03885777271535028,0.048580271800632596,0.05228471186860909,0.046047141472218854,0.04832333726395235,0.0424655148336392,0.05132981422105201,0.061589561000911966,0.05443020394356019,0.04918914708487242
acw,0.03924970822531376,0.04604371901005988,0.05547526531571823,0.05392294704396252,0.06335432293655768,0.0445001139416065,0.044798968965883,0.04113588972659618,0.04543706885162393,0.05652656398289746,0.06537478267616319,0.047724807563627784,0.03919410979677123,0.04438279215776005,0.03889561373154518,0.05118674477053587,0.0440474471784727,0.09232176306774154,0.04277970328932312,0.04364766776784033
adt,0.05418905745310207,0.046917964791367194,0.043552325070406774,0.05216228699075401,0.04808717617618371,0.05160441707855459,0.061807278669686036,0.04087575724056131,0.04595135961341475,0.04253175787009819,0.05008596388102964,0.04589288021902355,0.044793922969569196,0.04413351795636333,0.06309789561973946,0.049176624258010004,0.04933500919100462,0.04898993181967375,0.06871458349605565,0.048100289635402145
aei,0.058344267570170284,0.052515155218935204,0.04871852193581641,0.04057440413481283,0.04326833355810749,0.05278629969833005,0.04587723316040352,0.05090670045739267,0.049656603553114076,0.06540691914981234,0.04364674692394873,0.055222003890638284,0.054743362902286354,0.05061644001443239,0.04569627798617687,0.04909649603355401,0.04696303829218026,0.05293695193018994,0.0529865508692364,0.040037692720461864
aej,0.06306437745098499,0.04604046825331493,0.051959600459337715,0.049952614265866876,0.060124090117445655,0.058407132704066785,0.049411411869999956,0.05521367916402592,0.04539980851496557,0.046969354801938284,0.047772547322409764,0.05681355222281301,0.041072820316697706,0.04809333908645791,0.0539321046899058,0.04495039729836346,0.048175927361655,0.04225741403514752,0.0456574661939098,0.04473189387069339
aem,0.047651782994648326,0.05399754976372215,0.046843809763495725,0.04487911916156498,0.04424732496878741,0.053772880794718377,0.04776184304481535,0.042869146234495434,0.05416829722306882,0.04834990542864625,0.05241585983814635,0.05081782488958668,0.04292584765196147,0.057387834324579015,0.043828297425075366,0.06123161504418764,0.045363106682730005,0.05002442005026198,0.05387494020620115,0.05758859450930772
aes,0.050891598137090904,0.04906315924251536,0.05006880477265517,0.04853057942962324,0.04812614436295316,0.04372531199811734,0.045703271763124075,0.060147778471909906,0.05110083480089513,0.053590473247768694,0.05397695618273554,0.053023824481038255,0.05130734099633388,0.05313598230306373,0.0488387439440115,0.04486494002053187,0.04223711947357685,0.0532718055680691,0.050690324681490755,0.04770500612249556
afd,0.05391300712121596,0.040944366122063494,0.046123006077048084,0.0541522773509426,0.05421008213839373,0.05011292842008342,0.042642134819527125,0.04265673577780851,0.04477874113407102,0.055673375383157774,0.05324135895105302,0.07204930606577005,0.043973642115931105,0.05943288490944255,0.04308647768794612,0.04677179891212636,0.04600052192727526,0.052258357206394886,0.045761610157734375,0.05221738772201447
afl,0.054611075409679265,0.03799532096256732,0.06466793235603102,0.04512510494143205,0.050907321703464896,0.039932384498649116,0.04576120249164066,0.03816914041541109,0.07563464453621252,0.05104001741705026,0.04350421709889113,0.038629679200286544,0.04728967264447766,0.06092590624830815,0.052130674441467593,0.04598714979867189,0.053136869268699316,0.05560938664933338,0.04748663905584096,0.05145566086188526
agb,0.05106514848013725,0.08030287725688906,0.03970397732955363,0.03846741879332575,0.053853580485535464,0.04429756425804165,0.040470473894867035,0.04987320994283029,0.06286031660997896,0.044535333162232627,0.04043632681415387,0.0434974617050197,0.04839063098556598,0.055500090549899,0.040789828501758205,0.043548645086062675,0.045129337666542396,0.06387130530234317,0.061217997683707094,0.05218847549155658
agl,0.049424763883989954,0.045097701650270834,0.0510281912965092,0.0526746248951576,0.05513779333941915,0.05180912590688409,0.061276409189601234,0.04600382930919757,0.047135295896748655,0.055200291765533316,0.06029669465412389,0.04200305548745076,0.04796323951807438,0.0446207691129869,0.050856316780329903,0.049282091886712384,0.04770033100543349,0.0419440430728008,0.053680456637322786,0.04686497471145301
ahg,0.04387621792541325,0.04647065619731603,0.046081768586357735,0.055969618983886416,0.05013162759451337,0.051640066224100216,0.04623620235336025,0.0701351329093533,0.039244024273932386,0.041888136663278695,0.04717228435806608,0.050227681328802336,0.04780842599575812,0.05053005872980157,0.04111970402768002,0.05954040140988012,0.05218793876039303,0.05571719250954756,0.04823663345173168,0.05578622771682777
ahr,0.0431911727124774,0.04859140283056707,0.04545728423450573,0.04668552906280236,0.058674279641077465,0.047758858094224275,0.04896063689259103,0.046339322621688585,0.04416180650085212,0.03958141281280421,0.05627255596784243,0.04554115950115342,0.0741615231910737,0.05591239762131697,0.0458297135290024,0.06741975480618607,0.044569876201593035,0.04914865079152216,0.04890019741557789,0.042842465571141713
aik,0.04222295113341277,0.048891822919644834,0.04902329893746162,0.06500432030067226,0.06010928692765287,0.04411002456407955,0.053657403263127325,0.039441856916106695,0.04333881030079119,0.05135127801887687,0.04422683353334491,0.04492840850105164,0.05106663128495189,0.045687122207001246,0.06433680958700677,0.04751424139283228,0.05420362690506454,0.04557748066155954,0.05806912328743845,0.04723866935792269
aiv,0.04796791608798179,0.058860573646314196,0.045931736241753285,0.047359686405967154,0.039309584109979256,0.04900503652528728,0.04072823758436995,0.06771754744120602,0.05605316474075306,0.04979253946294032,0.05516510101782284,0.05210293511060027,0.04349533244819541,0.039510490485994386,0.04748708841400704,0.04596270481334982,0.06270771706814954,0.05786159913877944,0.052874191004374974,0.040106818252174006
ajf,0.04105564840660991,0.05142905515238289,0.05197215644762743,0.048149526693717734,0.04495548262010151,0.04760740818690326,0.04656841240185832,0.04482048392460882,0.04168872741787563,0.0382164106503745,0.07090289962635324,0.06432047142834198,0.0547159188348176,0.049653649235039614,0.04593433235781592,0.0516719046422333,0.06441690276993715,0.05469252093342066,0.04077412535286479,0.04645396291711572
ajk,0.045304716095809085,0.04596565146607152,0.060352903597388506,0.062335687183319784,0.06097525826735617,0.045787523758671365,0.04773208484099491,0.04273149433128091,0.04962387220254093,0.05231995975124475,0.04387326266699111,0.051789213183026886,0.05313788687889033,0.050310716076238,0.04836249797776177,0.04535257564484027,0.042088011226149066,0.053856970809888396,0.04233392431319781,0.0557657897283385
aka,0.045264422081483756,0.04877514808528624,0.05666303648884922,0.04324324073326785,0.06593425215124146,0.04535126676400045,0.04687376980957838,0.049635037111471,0.04906534179589094,0.057173202787500044,0.06664112932801886,0.04600435016005658,0.046795557493802487,0.0447570548117132,0.044935207008978205,0.04746597784876361,0.05442908914559853,0.04603101642602391,0.039131638928556124,0.05583026103991924
akg,0.04660033264511665,0.04355040977875878,0.051180997876581764,0.05700998224370758,0.04340082053845031,0.05013787830440373,0.040216831003053566,0.047564841111880994,0.0477806805807432,0.03964811866989374,0.04448774522840422,0.04422760283840811,0.0629306690513295,0.04362939845399008,0.0452362468638652,0.0692297685617608,0.04541993201831747,0.04887084732509159,0.08245382364526115,0.04642307326098167
alc,0.04923810490378788,0.04512688106577705,0.04982926423919507,0.06340467524616762,0.04388550978885712,0.04596430785152896,0.04840227028789541,0.048791373814601614,0.04800408184020464,0.04628507413436224,0.04510404626957573,0.052721985398091094,0.045364711384022705,0.0646501010018353,0.05434037099478123,0.04527922402726715,0.044391009998324196,0.04480979977236623,0.055674520606833706,0.05873268737452501
ali,0.05022372105045314,0.05127366973577865,0.05744194328675873,0.04182256097072796,0.05180424997667175,0.049957059704157473,0.06579984999538921,0.04953670539206761,0.04355004095785933,0.043200142224865616,0.049563199232607845,0.04731378358441451,0.050904387643324514,0.04419390026999452,0.05456500999559883,0.05137272737069873,0.05507009972584171,0.05026785343536687,0.04559241158814884,0.04654668385927413
alt,0.054851865700437506,0.04445815073938575,0.06316251010721068,0.04178679378078776,0.041246298440604824,0.04478459793182791,0.06225725890340643,0.04933679471480477,0.04891180821619394,0.05324903969047277,0.0696938391971905,0.046643885476709404,0.05222821270109708,0.045675795316682276,0.04350800538247866,0.03970336126765836,0.04554460944209498,0.04996408621989695,0.051790673570285585,0.05120241320077392
alx,0.052341981676546606,0.04839601752376371,0.04811724696060983,0.05646742114925005,0.05331960738259441,0.04550412784471142,0.04169943856321346,0.049229560280271485,0.05698050003527521,0.047112704192626455,0.05697600397315147,0.04276004098439527,0.05209126570661644,0.060273995703438984,0.03966081330494814,0.044867696993957325,0.04677604001108024,0.05500723783719537,0.052681396109072895,0.04973690376728135
aly,0.04622578092245204,0.04951883749425359,0.04995878079259006,0.049542785596190214,0.04998812368569882,0.04683162559502101,0.0499712755477046,0.042730323998692685,0.05406310581810673,0.060384438371009874,0.043506198784858674,0.04818697150825156,0.051924461940159816,0.05425751636546223,0.06161907413859075,0.042339593786489,0.04744159806936899,0.047690688783044353,0.04745626751223339,0.05636255128982169
ama,0.04775147703627072,0.05100128274733774,0.049346809203099695,0.07097806059723673,0.04714048083851372,0.03842003930931609,0.04572253837031683,0.04826649474698165,0.0590159768408378,0.047600987853181974,0.04578954454975823,0.05268743093119796,0.04612793453330106,0.050273125205378626,0.04717022655189333,0.049466167231479084,0.045723881536632274,0.05306678148552591,0.05105129484814051,0.053399465583599946
amb,0.04751230654472861,0.047987133700928046,0.04365329934322993,0.045925444366588235,0.0549691661120576,0.10193246374313081,0.0445458909786961,0.045991604467953355,0.052429727334783016,0.044894675041825385,0.05038875826357429,0.051120682176341636,0.050860130672829656,0.04978126438254219,0.05265044404238232,0.03827694002986041,0.044162509058049026,0.047509375688308764,0.041578289711023966,0.04382989434116656
amd,0.06291281232587603,0.04960567196318557,0.05272928343855511,0.06740951598453034,0.042878678297425685,0.04063972222920045,0.04072515524307409,0.05413259556752996,0.045956616689125325,0.047656954247401684,0.04842046522535868,0.057185355487489695,0.052016108702566836,0.06518679683572139,0.04337445274397031,0.046499567590378675,0.051396798265099554,0.04158507931564154,0.04508273161555201,0.0446056382323171
amg,0.049064281896959126,0.04486342310711998,0.047194940135253376,0.047850251779132214,0.04593000691836526,0.05004155488215043,0.0542203396971572,0.0701289715656787,0.0435810797861413,0.048800822214714136,0.048345878693229684,0.04400116367046143,0.04731864343761183,0.05835577290186454,0.04414681904463425,0.042500613298495894,0.053317027728490805,0.06689410242298852,0.05099107451729827,0.042453232302253056
amh,0.047919283156120644,0.0511239825314805,0.05185398495844723,0.048300686280217955,0.05589363716463725,0.04659918520970469,0.05166449285205474,0.04643773013270326,0.060444304234094935,0.05242491120002971,0.05143199761583334,0.0442550381964704,0.044612042857003896,0.047519705075590675,0.04870478243509456,0.04550944599639046,0.04714965527166376,0.042768609988632314,0.06523388047146418,0.05015264437236541
amn,0.04376848858551571,0.042455688022336645,0.047115137210602516,0.05558803388094683,0.05145049034749534,0.047925931822038345,0.03917674528612636,0.03984049878487262,0.052273933901596355,0.04295356175953823,0.05207855783394211,0.0656065960303862,0.057247695378166895,0.053948235207122205,0.042996017632321366,0.05858308734884995,0.052203297184396584,0.05164366452290835,0.04623233855907368,0.056912000701763804
amq,0.047698254465918306,0.04217418592141543,0.05066999174654523,0.04798757026897959,0.04660003891017855,0.048827661275317465,0.04373335991937239,0.04513036014300396,0.0633137474189517,0.04740338046709019,0.03571527600908611,0.05455163018383606,0.05405012194880596,0.042908636866096556,0.04667467317261597,0.05427617037187334,0.05436158377109536,0.05442044699095013,0.06692850959165579,0.052574400557211805
aop,0.04881476653843933,0.04510033563638851,0.04089423485624033,0.04498248132483421,0.04960912209120579,0.06797963026969683,0.04550250446129483,0.04724442103451044,0.05508764155918504,0.044865157445399095,0.061225476855802714,0.06531023376569145,0.04333266999870716,0.04889476505823965,0.04709170235582999,0.041884655952409144,0.05376185397121473,0.04177606051921001,0.05589083102701965,0.05075145527868121
aoq,0.06526040797923006,0.052551948389521194,0.04198914179916251,0.04381478004240782,0.06473774247279329,0.05277944661564543,0.0488239010009653,0.04689189258914547,0.0470349127493561,0.050597813195305805,0.05385260897023996,0.04866152263341999,0.05034790818400398,0.0450006344895065,0.04490092683447452,0.04640339242563001,0.047553970803154016,0.05674043592955676,0.04336101953031773,0.048695593366163546
aoy,0.051281738771734565,0.05159221654978726,0.042145002788147166,0.05098568214824496,0.05895919905959857,0.0473224098666126,0.044277295781562476,0.051487795266179866,0.05562658842789723,0.047062760088409775,0.04481106562276145,0.057781708005270035,0.04687263006163278,0.06301168769759254,0.04353349836090571,0.04561279531635762,0.05658136860843928,0.04072723635529345,0.04735438995531489,0.05297293126825782
app,0.0416834657319447,0.05125789668704039,0.04294570092015109,0.05534352811588994,0.04470382892849443,0.07573073400179957,0.04220016297220425,0.06200861932831231,0.06442859142132758,0.04577136317019779,0.04715251240316901,0.04840442108256884,0.05376081539787561,0.044834428694485555,0.04405740016115609,0.04180980370925264,0.05058670973435965,0.043463072081871126,0.05255345185926636,0.04730349359863315
apx,0.056323405014189885,0.04488807294278665,0.054296384128718296,0.04998771406614403,0.05133778420179329,0.0465199685348741,0.05134506985562593,0.05545254934369948,0.05152900541095328,0.0498208211707438,0.05465555214384073,0.04388278108711681,0.049153551520061046,0.046732097091308294,0.052035840483021005,0.045174166608859014,0.048104577545422814,0.0460726750783052,0.052247717794547364,0.05044026597798904
aqd,0.051725746381806596,0.04150524644719813,0.05049942997520502,0.048673783676205076,0.04244756357083268,0.04832630520825161,0.04450612672585404,0.07457666337913928,0.058902093657113776,0.052852914063097035,0.0561693511701502,0.0432442381186884,0.04671838302870386,0.05122316255080915,0.05419723998824512,0.03972649452388452,0.04564627465447418,0.042817911104399795,0.05799645623515384,0.04824461554078751
aqt,0.04722638706012939,0.053639634098810285,0.05527778469250685,0.05215884727622646,0.04796559944193538,0.04661885836729317,0.04838029302609923,0.04730408591440898,0.058009510668082985,0.049958544264274554,0.049609947836947145,0.05060955322558752,0.05323305092345654,0.04136020207854,0.054295180125768325,0.051335227959747494,0.04735982689637406,0.05692300601783099,0.042513387847566635,0.04622107227841389
ara,0.04531714302354929,0.047506834697417406,0.05092684553156987,0.04571251818743898,0.04532692155931985,0.05116894472121591,0.060909531761436896,0.0666772807389243,0.04337315563535886,0.05329898443181589,0.05116270987756761,0.039988022762481985,0.06364674953494184,0.04896010612486352,0.04356713347779145,0.05528947554134112,0.043694438086357715,0.04990092228942683,0.044815215304309805,0.04875706671287089
arq,0.04340350965822941,0.05247670873974576,0.05609979618973963,0.04656879904417431,0.04093562182392985,0.043425023637348514,0.0463740669696118,0.046462716453462755,0.055409150907121174,0.05045545384352839,0.05349618765673889,0.043964053065223566,0.05499722032574608,0.04590747315670169,0.04475420486009747,0.06621244136872285,0.0427044225549042,0.05401742596629439,0.058536596417777566,0.05379912736090159
aru,0.046180333997783575,0.0600656986082533,0.046680247600062036,0.0437040792272521,0.04362513910795601,0.04612505801533692,0.04434265313543905,0.06142264766348558,0.04212844173582671,0.05236769647988781,0.047861634351938846,0.05662020776850989,0.053038782030614226,0.04285811208872542,0.05674868442486616,0.07381811782624945,0.04612114965063968,0.051611704047901844,0.04577378256383242,0.03890582967543894
asf,0.05973079268924919,0.03990846083252142,0.0691737027530437,0.04626702233707728,0.04801939129469844,0.05035287235586752,0.05078946342371687,0.045276534192227144,0.052247283664069485,0.055914654038121125,0.05880483718258035,0.04449586498939156,0.04560632227159555,0.04285577439383625,0.06037620456070755,0.04199484054394721,0.04390166920012141,0.04382656819602591,0.051486393258317255,0.048971347822884745
ass,0.047916438309276624,0.04439129221848325,0.04576636082857106,0.04250714241592013,0.043773546195946006,0.05449739190665607,0.05566196575737942,0.05212939527535063,0.04190100276992399,0.05092759738209252,0.04774503100031844,0.05098886551747955,0.05179656005787326,0.05389866214948673,0.0528417260036652,0.048602129080738896,0.052467170108625664,0.04696985391787004,0.04590724368916878,0.06931062541517388
ate,0.03794287885288195,0.04760696731376918,0.056186482047486615,0.055400317833172424,0.05626219413433787,0.043038758297635815,0.04215222566771298,0.04689286115766913,0.044038643146488574,0.04873919414540777,0.04588257776715421,0.053880393045680694,0.06420657408449335,0.06020215127761926,0.0427449813207814,0.06623681544888768,0.04232035998441078,0.05810875445349334,0.042911619777456174,0.045245250243460884
atf,0.052978047862615105,0.04322427498135077,0.04918883673302169,0.04985475040044578,0.04568562663769945,0.04188129701509889,0.041298588417651966,0.05204217915919604,0.049000014782684835,0.04493814186046329,0.04963511615113089,0.045182213670974775,0.04398393067955735,0.05846528632601804,0.04101286545095208,0.04472006097653394,0.044821339378427735,0.04793062796668087,0.10407411946543249,0.05008268208406405
atj,0.04264612511402127,0.04393646572254496,0.05058578567563902,0.04457251532165584,0.045949007873100134,0.055255944370997456,0.04671717603389713,0.04863891949992058,0.060630183919948566,0.05153670747773004,0.05034651861253575,0.047146493073666994,0.07689657475012797,0.03879924898560578,0.04133836618531631,0.04512832082367619,0.042942577713285544,0.05665448684166557,0.051114727065686434,0.05916385493897853
atv,0.048979129393220515,0.06661598457411567,0.058306267143928385,0.04247243156881184,0.043792258513000545,0.04097981930115844,0.04015240751752302,0.04622070801304597,0.05469741724500911,0.05141252720416687,0.07249946546580838,0.04015201897668417,0.03943609794409589,0.08060683389730443,0.0392159535063094,0.04625503189913799,0.042848448186870294,0.05201754404964999,0.05026161177887258,0.04307804382128649
auc,0.0967721413597412,0.04159536565517275,0.04076504924553887,0.04701014937477048,0.05029492570476194,0.05140854844539275,0.04604568513707361,0.042807647414589686,0.0461559562580992,0.047780612180164356,0.042236946773073825,0.0581509506017,0.04581669449053139,0.04123325826040209,0.04356088611756539,0.042821626603716995,0.05314629137770842,0.0543232258295844,0.04384142615864144,0.06423261301177141
aul,0.06607527754583124,0.04289330000092691,0.05136693213033006,0.04737840916682642,0.03937064198814555,0.04029957459704699,0.05695438264180559,0.04245377704648304,0.044679888075357395,0.05712823700356346,0.04760280166233724,0.04615621579283942,0.0460095983123947,0.08202857263972874,0.05170022079040184,0.05333345327492624,0.04999656453093712,0.04099706030244811,0.04263115675126482,0.050943935746405065
avp,0.045194111010712974,0.04961082936602476,0.05642157001777603,0.04724010315594664,0.04027280531403258,0.04334617993967443,0.050986441732094434,0.05035915299896576,0.0567690243169717,0.0433260044998264,0.04808097918141486,0.052326458662494475,0.04978798935059235,0.05491355465004947,0.07185484549245953,0.051292038053017464,0.05312430880166865,0.049186906093442936,0.04096217489009929,0.04494452247273524
awk,0.04329136766179052,0.05162604373974638,0.051258177673512186,0.0499000874059069,0.05691955936955462,0.04927221305467082,0.03956070434924596,0.047396131361034766,0.05674067169474299,0.04591172224561989,0.04978271196056757,0.047794918606773186,0.06006081373270671,0.043602873244120065,0.0513335485940812,0.06792014972560498,0.05252385893990663,0.04403015866205383,0.04830647928040427,0.04276780869795646
awp,0.043214669017524826,0.05677699839935552,0.049948199976441635,0.046966422135277824,0.04524433752570095,0.0582069570349307,0.04591259657084704,0.05289283117766709,0.059697761714680546,0.04763939263167061,0.05306378544175831,0.05087872616521893,0.045259787141087186,0.04760601803242103,0.05606453611249725,0.05162544947095777,0.04889718572961676,0.04156128792488978,0.05012443169126888,0.048418626106187225
awu,0.04576312242511848,0.04973213083408357,0.04789248327694035,0.06591661591739684,0.05930297620446238,0.05169564273148013,0.04948042663880121,0.049444624016226096,0.046933825703496454,0.049698508810309114,0.05123583968832815,0.06000750091659798,0.04176541077142796,0.04692794759729943,0.04725973753229913,0.04417312786313814,0.049044325188123516,0.048382007071589704,0.04768004432686203,0.04766370248601924
axn,0.05004381445922405,0.0501072993221764,0.05151999007618021,0.04905145874578798,0.045294535931792675,0.04434301183128762,0.0428675084704031,0.05710728599890838,0.05687016452630185,0.0717037642365671,0.04148756272936826,0.040429125624142706,0.04489998407244093,0.04965479508735408,0.045983368536056196,0.039832953009723365,0.05643896540439909,0.0582381050624042,0.047340854985683224,0.056785451889798576
axo,0.03864335067155612,0.05042598865565653,0.04767119934294601,0.03954781298701459,0.0511926045202884,0.043744391651488,0.05031139617370192,0.04710312255779703,0.04258576154000301,0.04299560289476639,0.05009598433400835,0.0525085682694937,0.047903605551735375,0.03948021981226351,0.04513845933316947,0.07049907287199138,0.05385455591539658,0.06376768159546291,0.07768787103881196,0.04484275028244881
axp,0.04803543282635618,0.04802024606813418,0.04535448491122243,0.0547102314727055,0.05588621655430885,0.08252236193383537,0.0551907664860669,0.054012418170478436,0.03869965843517783,0.04816708638230166,0.04411518627382876,0.046367104250926404,0.05149512050705977,0.0491760437414925,0.041773318138404014,0.05883579250820786,0.046344637019041436,0.040437054721712114,0.04467694269902102,0.046179896899718756
ayc,0.04996323030078491,0.049008646297719394,0.05664243284385039,0.05611100031648922,0.04349323040731562,0.044768512702025566,0.037368305685988215,0.062120541570744855,0.03770811673543669,0.04687310673429502,0.07138052972873114,0.04461720952340169,0.05049018635604869,0.07057824213258575,0.06231645051844046,0.04111986963957623,0.0433228844437123,0.038307787482206486,0.044980920100864255,0.048828796479783124
ayg,0.04127861973075742,0.054696764720064836,0.045546143119250634,0.058522637870944395,0.04756791679502875,0.04742341460481825,0.047606791051629536,0.05612883551395892,0.04407203169651466,0.04327704781587324,0.04967362241024194,0.054417465495661156,0.046971262572189754,0.0427003092994777,0.05383792441852251,0.04557479833465089,0.04641568670687243,0.06251105057852957,0.04992457791570018,0.06185309934931325
azb,0.05410111831863001,0.04681443430059491,0.04545840750850695,0.052575205909150394,0.07459554677280517,0.0675666920718856,0.04555175416468382,0.04414229978083833,0.049333325001205304,0.048181882266186665,0.04158607778214109,0.043658154907556715,0.052968368894364216,0.055848894309294406,0.04665877538354544,0.04233471805520227,0.04724016879380841,0.05636412447033634,0.04322483626815526,0.04179521504110871
azo,0.057309553300314016,0.04273256776417118,0.045120615968559666,0.04158557419743091,0.0445791791118251,0.06099235357144481,0.046657462293020625,0.05815192765855548,0.0550208510069479,0.042941310510530475,0.054612509334700965,0.04583427904413229,0.05465597347022429,0.04400286331137128,0.04414275706729421,0.04316010085998856,0.061444759120627176,0.05749660813277803,0.051486033902321406,0.04807272037376157
ban,0.05622520452889916,0.04577744520118142,0.051129037514792315,0.050190282516166966,0.05379120926149952,0.05271749633081502,0.04122022781619636,0.049132569019812916,0.0471558290469849,0.05787096884127871,0.042193970416295606,0.04473512125897129,0.05360543935593536,0.05832315880643382,0.05713521145749743,0.055186709016611886,0.05225625880749686,0.04759080612516008,0.04021839648886122,0.043544658189109305
bao,0.04234835982718996,0.05259686215236839,0.044059352085418724,0.049537945119751306,0.05443274629164128,0.051335595396517136,0.04582751783102306,0.0470670235173745,0.047338996476176204,0.06213150045797021,0.039799580243644044,0.05230625554237933,0.05127508559306334,0.042736007890873125,0.051298392295661265,0.05649042240968907,0.04445254746840507,0.05700898477550654,0.050154712512286856,0.05780211211306058
bar,0.051675557678850625,0.04766602463392107,0.0514178462920859,0.04520395974528166,0.050383096566215854,0.06928534466803503,0.053890658800856216,0.047484158468114546,0.04755391504913994,0.04902858554615418,0.0463539104751785,0.047390307203840784,0.047805930143979145,0.045211556805073674,0.043511005975506105,0.04590105497025725,0.06135081511737202,0.058389311543119965,0.046318288571911975,0.044178671745105626
bas,0.051745307790678624,0.0496695577658589,0.05321687931749136,0.04188912586967199,0.049883599015148786,0.0471881019292226,0.044000512949607926,0.054361149419931705,0.0705314222591097,0.04732410153687398,0.046237833278903094,0.05808615880485333,0.043480041376929,0.05269878142487477,0.04375395245577049,0.04633074319779809,0.047803639067345055,0.055773036675002594,0.052699501103321306,0.04332655476160672
bbn,0.05600968625599745,0.04883223576335368,0.05970583831376378,0.054887543355161064,0.0514040578165647,0.05193630382046795,0.0487589566197326,0.04010660105439551,0.045325379038816296,0.0506077917911293,0.04258891407080185,0.04604619233776241,0.04114507530562738,0.05373601165194886,0.045583881838371865,0.05254699019773121,0.05600614557743305,0.04874898205142038,0.05931284896046292,0.04671056417905783
bbt,0.04361021902805242,0.05076633969321655,0.03933081328435607,0.052206966839084074,0.044428714863584136,0.04306219687234533,0.048265353515621535,0.04587184149805166,0.05221845268663458,0.05089734493412343,0.0890098277714474,0.0439552250620347,0.0524528626107503,0.043919527556563594,0.05465525731515926,0.053813645023408484,0.04036940132106806,0.046506107317074746,0.05964242305904116,0.04501747974838262
bcf,0.04156113454201065,0.04165802190196174,0.04580340135895859,0.04328426182336814,0.040690777115698656,0.043361267102413274,0.05787451904053042,0.0475555210569826,0.04349941491441667,0.042667733009221206,0.09618415465063729,0.03967609771237654,0.058148240369847094,0.04571380446904008,0.0471718197508347,0.06737905664892532,0.04303745166804534,0.052455433603547146,0.059633715906882594,0.04264417335430206
bcg,0.0531608948499339,0.04438867799737645,0.0506104034815644,0.049450853584161014,0.04893853408477648,0.048774197687618925,0.05032219005840282,0.04860705033361917,0.05183313454179709,0.04359239309023959,0.05972904915096317,0.054130026127513664,0.05107025217790959,0.04686959008972353,0.048228712496776904,0.05695617878006114,0.04874312716488077,0.05124841823775324,0.04768680047558088,0.045659515589347235
bci,0.05168567410648038,0.05232614131476403,0.05501821583632072,0.051058587991035034,0.04901119942064046,0.044150206113066914,0.04699668146828151,0.03943645335515294,0.040483201472589436,0.044473280033376646,0.05317965942678918,0.04891564339791793,0.04342780428047769,0.05884178092853415,0.050816863472743924,0.045709120190133366,0.04402412884751237,0.08302718720633605,0.0550208903545883,0.04239728078325904
bcj,0.054182326816313416,0.0502670927170161,0.04640573867818045,0.05741748096079616,0.04529817625705508,0.0586908795776031,0.0575996098038973,0.04066532393610653,0.04309954999153485,0.06280406105333187,0.051391357212982526,0.05446386573484093,0.05374762381342256,0.044723724017802315,0.041673611728979924,0.03978041973096511,0.05936379915271787,0.04748427428258833,0.04591893302301926,0.045022151510846375
bcn,0.03908587380823912,0.03999812835298867,0.04787831812311293,0.05298195930624955,0.0473839951902294,0.04841750318492138,0.05674495484130029,0.042845449601159116,0.05232032925017377,0.04536201714891272,0.04147328232195301,0.04459440662388458,0.07439685416484144,0.05525132984040385,0.055203656842497825,0.04974457666935469,0.0562584432317121,0.051891223984707385,0.045709772932092205,0.05245792458126594
bcw,0.048739694419016294,0.052782432881578134,0.05724496177223579,0.05868666362741358,0.04684317571584719,0.04616529597462569,0.05301754316408625,0.05208289678241973,0.07160005875529121,0.051584613421776636,0.04963393966381185,0.05800994332850982,0.04111696205253183,0.041539443531741826,0.04460315071053641,0.04797601523452024,0.04626916423665291,0.04674718865469712,0.042130066369350655,0.043226789703356736
bdv,0.05312460206167658,0.048364668599834355,0.045862083254621835,0.03993437243251957,0.051098080480647526,0.048064296576203785,0.048179465405544894,0.06671798534976063,0.04305728012696704,0.05454332453841481,0.042626886306280545,0.05602935930600886,0.04934762985009074,0.04691024963917877,0.05162768643377026,0.052213284268519754,0.042502698444749416,0.04902809137648371,0.06401496418995747,0.0467529913587696
bep,0.04618559879604431,0.05485929843953884,0.05260434383636399,0.04770204674907448,0.05579302550803445,0.04667308365539331,0.05606575052971386,0.044772465487141255,0.05255707122025684,0.04526283122094221,0.05060526556264091,0.0481260520186917,0.04544004975748312,0.048608282172365694,0.05608368524982825,0.049908037972110665,0.05571469265672332,0.0401718875852597,0.05997656877293359,0.04288996280945943
bew,0.04085411057407391,0.04151660178934113,0.04020506673763025,0.06058771552465576,0.038575479367960346,0.03662853383846136,0.05438765800634012,0.07900107695482897,0.06912833217815223,0.053811565125774785,0.06491929570909462,0.039589597764429794,0.04873278208625828,0.06624753788452964,0.04638492527302668,0.03915977328071407,0.05324286759339993,0.039890880918397105,0.04363175407772377,0.04350444531520729
bfc,0.049829889348372965,0.05917464316630781,0.047267840812503396,0.053070936782217776,0.0482003495386466,0.045136565616695504,0.03760529077772807,0.052350799061579655,0.06041380691474626,0.05783083005534058,0.06581923650628661,0.036741019004586734,0.039316811935707394,0.04017074496781145,0.04203740216709045,0.08585955601811647,0.04863365925481138,0.04161303694146474,0.044342439030075245,0.044585142099910983
bft,0.06059896854679392,0.05405423552481393,0.05441545450904178,0.06585303921680692,0.051192797974669815,0.053075436568943396,0.046328338960995745,0.07282861533461209,0.043851099884377395,0.0492617490226161,0.041823558238981616,0.04744455465120995,0.044997483578273094,0.04017779128931447,0.04196701292236132,0.04984014629552597,0.043355201636084535,0.04439536731434499,0.04685504859748108,0.0476840999327518
bfx,0.0647970355221555,0.04144247091824138,0.05224504331474786,0.04395297924926904,0.04856822321996969,0.03910385885635488,0.04472055515530454,0.04348967383066322,0.055441072427230356,0.041440081959995045,0.0466864041914309,0.05457429846512417,0.06844543774113683,0.04765173215253329,0.04500461679421259,0.05582764581253905,0.04491999046312642,0.044968442297821015,0.07137555870522205,0.04534487892292221
bhw,0.045087050973356836,0.053396641903299936,0.04875986166481328,0.0555781543635622,0.06399929617953999,0.04736367289513834,0.04178993955855181,0.04150600208371174,0.053083642076908834,0.04833524431794481,0.04525204507443791,0.05105250527635754,0.04550197942500043,0.04817702844410566,0.05077088199043537,0.04967676685428977,0.05443177679054635,0.04869187221678362,0.053404000341226714,0.05414163756998883
bim,0.044658577672463486,0.047144266929765664,0.04277437166491598,0.05015549518602557,0.06186671024108285,0.05530115731203388,0.053467742003111364,0.050061206905773224,0.05366575615071528,0.03976911454225959,0.052417788113034804,0.04428849106750098,0.08095154332206334,0.05217797836632504,0.043442376744557906,0.04640911127068976,0.04558900324125625,0.04238690016994651,0.052237763914667106,0.04123464518181161
bis,0.04929145058323701,0.04514488267816402,0.051329876827403115,0.049466876787861,0.043219321414714594,0.046067564714486524,0.043089326812495374,0.05896399929740535,0.0500981501461175,0.047568494142265355,0.04388930230196253,0.04709060093098731,0.06475317354425249,0.05184824000834833,0.05184555776933265,0.055321547769083594,0.05000832043370565,0.046828487466066965,0.06132851968861528,0.04284630668349542
biu,0.04084048864501016,0.04646233082329288,0.07191745823374295,0.04017986383285212,0.047059201165603165,0.05591819064560167,0.0473830251368896,0.04170938208714807,0.06175491429165212,0.05781959183614113,0.04157225430223733,0.04793300129570755,0.05195141852737946,0.04867163393728834,0.04069459576412868,0.04457052439228291,0.045564919420492754,0.04813806193784449,0.05507315279016278,0.064785990934542
bjq,0.0464579531569482,0.04702678846218418,0.06318931296893172,0.053196931149646784,0.04981157952062961,0.05232796214914559,0.04527419163429202,0.05498608132674672,0.04894463906902414,0.04038394688150881,0.04855392253289302,0.046538682056571065,0.05671479444912903,0.045550862218446064,0.05490949941372018,0.03989074222460357,0.0499284101887473,0.048393883226079064,0.05138976830899233,0.056530049061760713
bjr,0.0590600069954373,0.04809703258210529,0.04509602201496481,0.042109684037179365,0.04943638084710671,0.05367945696748948,0.04527903817051457,0.06453103116793306,0.06112272379408317,0.050568888398774665,0.04523058566813135,0.0465403563812888,0.05568190562575937,0.04103761774485217,0.04120637192696234,0.04535932933326867,0.0401679374522588,0.059241145343528104,0.048787865899647814,0.057766619648714226
bkt,0.06221971390089976,0.04580929949676745,0.043276836764489714,0.048906083483784724,0.047965711863203024,0.04390970646298759,0.053472384983146784,0.041492632754970435,0.05616805125995703,0.057520755631620686,0.04510889587422467,0.05535886371535355,0.05723470975144631,0.047706009697229976,0.04576638541337151,0.05142933961817792,0.04728064424617199,0.04991506365843425,0.05654565701534731,0.04291325440841523
blg,0.06489188652511439,0.04274278983843451,0.04638846441646184,0.047864996821849755,0.05933521862638932,0.057500582886074805,0.04689853208305288,0.04121649978064913,0.04413746360245754,0.06690841467282771,0.04419388293943634,0.051971370904231116,0.07806541701636016,0.038896170189726256,0.0361920552611244,0.03945668342269566,0.04758235886003956,0.042347408548747315,0.05018169128653945,0.0532281123177878
blu,0.05958211860089591,0.05463700987775927,0.04550176835174659,0.07071535821650282,0.04239789421721433,0.0450224341222357,0.045731686238081215,0.04913066016846924,0.043323467471864954,0.047478878463700046,0.05083043996273833,0.0562638932156087,0.04307193398602258,0.04485074262323634,0.04476944643049126,0.04672619944172117,0.04375833460924084,0.04660642045628733,0.06511357995551526,0.054487733590668115
bmj,0.054580773404109696,0.05174060892284558,0.056880977268031256,0.04745483346537161,0.041637026645101,0.0425180980634512,0.047044887689361416,0.042010366123484584,0.040988966721792496,0.04945779125685215,0.09536788640015649,0.044051124117297225,0.04296411524912497,0.03885056329687022,0.06340124476323328,0.053849162347916035,0.04763112489424224,0.04723880679452961,0.05000304744368307,0.04232859513254572
bmw,0.0425543904097601,0.06061896501440087,0.04818402246181435,0.046313860017260566,0.06892290415689895,0.057241027456094655,0.04348729787868075,0.04421249235869175,0.04752392582304367,0.05798739284901392,0.0523725816130071,0.042406742210953245,0.04850214517735341,0.05432516827306,0.0469523761858593,0.05769124548532232,0.03949880510693006,0.04707810046543433,0.04633411174789668,0.04779244530852393
bni,0.048939279738600364,0.04893750453959786,0.04741161202520537,0.07800674945435594,0.04271840711221513,0.0508827445357294,0.04699153069060892,0.044736986598086816,0.0425427134305265,0.04838572036476155,0.04759325741924672,0.04567077401069964,0.04489412708715695,0.052777904558312654,0.057022809271126865,0.056022536319128464,0.050469736001393206,0.04603096880403019,0.04479565201483079,0.055168986024386774
bnm,0.04908113522437474,0.08437799536888069,0.039377798415253774,0.04586999434263253,0.041926962075183864,0.04253842177243538,0.05060107779773984,0.04390495077850917,0.057951234895916234,0.06569817312097016,0.056400189003724836,0.04116908932318348,0.04484529118007607,0.04603852418300943,0.051515809504775294,0.04251934961392406,0.04424789365161941,0.05211716522024706,0.044537140271863764,0.0552818042556801
bos,0.05725495317407786,0.05086475132888644,0.04687726986222675,0.04945841703512146,0.04786516402257713,0.04125988178230235,0.05619936320182285,0.058239544100723364,0.04537287402052362,0.041312448318071696,0.04820509644847508,0.043173348487222436,0.04470066705350584,0.04429150810083136,0.044925788028324205,0.046598026368155715,0.057323835691035524,0.08130409551338973,0.0498205791425787,0.04495238832014783
bpg,0.042666475378007725,0.06109334824187428,0.041424519872024286,0.05583312539415079,0.04734330859676124,0.0503184593469437,0.04037046681165521,0.04159319841977656,0.058793497198594454,0.059787940047076604,0.03689186836820895,0.04455202410059275,0.05291975274927973,0.061714935476105626,0.06282275969807245,0.041394119982090596,0.04260787805843079,0.06278283621429115,0.043987195205321544,0.051102290840741416
